3.000000
19.000000
1.000000
2.000000
2.000000
2.000000
1.000000
0.000000
1.000000
7.000000
5.000000
1.000000
4.000000
9.000000
8.000000
4.000000
0.000000
1.000000
1.000000
0.000000
8.000000
2.000000
0.000000
5.000000
5.000000
0.000000
1.000000
3.000000
45.000000
1.000000
2.000000
9.000000
2.000000
1.000000
0.000000
1.000000
7.000000
5.000000
1.000000
0.000000
98.000000
8.000000
4.000000
0.000000
1.000000
1.000000
9.000000
8.000000
2.000000
0.000000
5.000000
5.000000
0.000000
1.000000
3.000000
7.000000
1.000000
2.000000
39.000000
2.000000
1.000000
0.000000
1.000000
7.000000
5.000000
1.000000
0.000000
0.000000
8.000000
4.000000
0.000000
1.000000
1.000000
0.000000
8.000000
2.000000
10.000000
5.000000
5.000000
0.000000
1.000000
